"車","入国審査列","タクシー","スタッフの役立ちさ","トランジット","飲み物","セキュリティ","トイレ","遅延","ターミナル内移動","電子機器","子供","荷物受け取り","飲食","ラグジュアリー","入国審査列2","案内","ターミナル宿泊","スタッフの態度","セキュリティチェック列","ターミナル間移動","スタッフへの問い合わせ","チェックイン列","ユニバーサルデザイン","家族","陸上交通","気温"
0.0017636684303351,0.0017636684303351,0.0017636684303351,0.0017636684303351,0.0017636684303351,0.037037037037037,0.0194003527336861,0.0017636684303351,0.0017636684303351,0.072310405643739,0.0017636684303351,0.054673721340388,0.0017636684303351,0.0017636684303351,0.0017636684303351,0.0017636684303351,0.0017636684303351,0.037037037037037,0.654320987654321,0.0194003527336861,0.0017636684303351,0.054673721340388,0.0017636684303351,0.0194003527336861,0.0017636684303351,0.0017636684303351,0.0017636684303351
0.056672760511883,0.00182815356489945,0.00182815356489945,0.020109689213894,0.00182815356489945,0.00182815356489945,0.330895795246801,0.00182815356489945,0.00182815356489945,0.00182815356489945,0.00182815356489945,0.00182815356489945,0.00182815356489945,0.00182815356489945,0.00182815356489945,0.00182815356489945,0.00182815356489945,0.00182815356489945,0.53199268738574,0.00182815356489945,0.00182815356489945,0.020109689213894,0.00182815356489945,0.00182815356489945,0.00182815356489945,0.00182815356489945,0.00182815356489945
0.00460829493087558,0.00460829493087558,0.00460829493087558,0.695852534562212,0.00460829493087558,0.00460829493087558,0.00460829493087558,0.00460829493087558,0.00460829493087558,0.188940092165899,0.00460829493087558,0.00460829493087558,0.00460829493087558,0.00460829493087558,0.00460829493087558,0.00460829493087558,0.00460829493087558,0.00460829493087558,0.00460829493087558,0.00460829493087558,0.00460829493087558,0.00460829493087558,0.00460829493087558,0.00460829493087558,0.00460829493087558,0.00460829493087558,0.00460829493087558
0.00305810397553517,0.00305810397553517,0.00305810397553517,0.00305810397553517,0.00305810397553517,0.00305810397553517,0.00305810397553517,0.00305810397553517,0.00305810397553517,0.522935779816514,0.00305810397553517,0.0336391437308868,0.00305810397553517,0.00305810397553517,0.00305810397553517,0.00305810397553517,0.0642201834862385,0.00305810397553517,0.0642201834862385,0.217125382262997,0.00305810397553517,0.00305810397553517,0.0336391437308868,0.00305810397553517,0.00305810397553517,0.00305810397553517,0.00305810397553517
0.00460829493087558,0.00460829493087558,0.00460829493087558,0.0506912442396313,0.00460829493087558,0.00460829493087558,0.00460829493087558,0.00460829493087558,0.00460829493087558,0.00460829493087558,0.00460829493087558,0.00460829493087558,0.00460829493087558,0.00460829493087558,0.00460829493087558,0.00460829493087558,0.00460829493087558,0.00460829493087558,0.834101382488479,0.00460829493087558,0.00460829493087558,0.00460829493087558,0.00460829493087558,0.00460829493087558,0.00460829493087558,0.00460829493087558,0.00460829493087558
0.00139470013947001,0.0292887029288703,0.00139470013947001,0.00139470013947001,0.00139470013947001,0.00139470013947001,0.00139470013947001,0.00139470013947001,0.00139470013947001,0.00139470013947001,0.00139470013947001,0.00139470013947001,0.00139470013947001,0.00139470013947001,0.00139470013947001,0.517433751743375,0.00139470013947001,0.00139470013947001,0.00139470013947001,0.00139470013947001,0.322175732217573,0.00139470013947001,0.00139470013947001,0.00139470013947001,0.00139470013947001,0.0571827057182706,0.0432357043235704
0.00460829493087558,0.00460829493087558,0.00460829493087558,0.0967741935483871,0.00460829493087558,0.00460829493087558,0.00460829493087558,0.00460829493087558,0.00460829493087558,0.00460829493087558,0.00460829493087558,0.00460829493087558,0.00460829493087558,0.00460829493087558,0.00460829493087558,0.00460829493087558,0.00460829493087558,0.00460829493087558,0.695852534562212,0.00460829493087558,0.00460829493087558,0.00460829493087558,0.00460829493087558,0.00460829493087558,0.0506912442396313,0.0506912442396313,0.00460829493087558
0.00272479564032698,0.00272479564032698,0.00272479564032698,0.00272479564032698,0.00272479564032698,0.00272479564032698,0.00272479564032698,0.00272479564032698,0.00272479564032698,0.00272479564032698,0.00272479564032698,0.00272479564032698,0.0299727520435967,0.00272479564032698,0.00272479564032698,0.384196185286103,0.00272479564032698,0.00272479564032698,0.138964577656676,0.00272479564032698,0.00272479564032698,0.356948228882834,0.00272479564032698,0.00272479564032698,0.0299727520435967,0.00272479564032698,0.00272479564032698
0.00854700854700855,0.692307692307692,0.00854700854700855,0.00854700854700855,0.094017094017094,0.00854700854700855,0.00854700854700855,0.00854700854700855,0.00854700854700855,0.00854700854700855,0.00854700854700855,0.00854700854700855,0.00854700854700855,0.00854700854700855,0.00854700854700855,0.00854700854700855,0.00854700854700855,0.00854700854700855,0.00854700854700855,0.00854700854700855,0.00854700854700855,0.00854700854700855,0.00854700854700855,0.00854700854700855,0.00854700854700855,0.00854700854700855,0.00854700854700855
0.00564971751412429,0.00564971751412429,0.00564971751412429,0.175141242937853,0.00564971751412429,0.00564971751412429,0.00564971751412429,0.00564971751412429,0.00564971751412429,0.11864406779661,0.00564971751412429,0.00564971751412429,0.00564971751412429,0.11864406779661,0.00564971751412429,0.00564971751412429,0.00564971751412429,0.00564971751412429,0.00564971751412429,0.00564971751412429,0.00564971751412429,0.00564971751412429,0.457627118644068,0.00564971751412429,0.00564971751412429,0.00564971751412429,0.00564971751412429
0.00173310225303293,0.0537261698440208,0.00173310225303293,0.00173310225303293,0.00173310225303293,0.00173310225303293,0.00173310225303293,0.00173310225303293,0.00173310225303293,0.00173310225303293,0.00173310225303293,0.00173310225303293,0.00173310225303293,0.00173310225303293,0.00173310225303293,0.452339688041594,0.00173310225303293,0.00173310225303293,0.365684575389948,0.0537261698440208,0.00173310225303293,0.0363951473136915,0.00173310225303293,0.00173310225303293,0.00173310225303293,0.00173310225303293,0.00173310225303293
0.312588401697313,0.00141442715700141,0.00141442715700141,0.00141442715700141,0.185289957567185,0.00141442715700141,0.0155586987270156,0.00141442715700141,0.256011315417256,0.00141442715700141,0.00141442715700141,0.00141442715700141,0.00141442715700141,0.00141442715700141,0.00141442715700141,0.00141442715700141,0.00141442715700141,0.00141442715700141,0.00141442715700141,0.0438472418670438,0.128712871287129,0.00141442715700141,0.00141442715700141,0.00141442715700141,0.00141442715700141,0.0297029702970297,0.00141442715700141
0.00325732899022801,0.00325732899022801,0.00325732899022801,0.00325732899022801,0.00325732899022801,0.00325732899022801,0.00325732899022801,0.00325732899022801,0.00325732899022801,0.00325732899022801,0.00325732899022801,0.00325732899022801,0.00325732899022801,0.0358306188925081,0.00325732899022801,0.00325732899022801,0.39413680781759,0.00325732899022801,0.45928338762215,0.00325732899022801,0.00325732899022801,0.0358306188925081,0.00325732899022801,0.00325732899022801,0.00325732899022801,0.00325732899022801,0.00325732899022801
0.0026525198938992,0.0026525198938992,0.0026525198938992,0.0557029177718833,0.0026525198938992,0.0026525198938992,0.0026525198938992,0.0026525198938992,0.0026525198938992,0.0026525198938992,0.0026525198938992,0.0026525198938992,0.0026525198938992,0.0026525198938992,0.0026525198938992,0.0291777188328912,0.0026525198938992,0.0291777188328912,0.453580901856764,0.214854111405836,0.0026525198938992,0.135278514588859,0.0026525198938992,0.0291777188328912,0.0026525198938992,0.0026525198938992,0.0026525198938992
0.00636942675159236,0.00636942675159236,0.00636942675159236,0.0700636942675159,0.00636942675159236,0.00636942675159236,0.00636942675159236,0.00636942675159236,0.452229299363057,0.00636942675159236,0.00636942675159236,0.00636942675159236,0.00636942675159236,0.00636942675159236,0.00636942675159236,0.00636942675159236,0.00636942675159236,0.00636942675159236,0.00636942675159236,0.00636942675159236,0.0700636942675159,0.00636942675159236,0.261146496815287,0.00636942675159236,0.00636942675159236,0.00636942675159236,0.00636942675159236
0.00421940928270042,0.00421940928270042,0.00421940928270042,0.257383966244726,0.00421940928270042,0.00421940928270042,0.00421940928270042,0.00421940928270042,0.00421940928270042,0.00421940928270042,0.00421940928270042,0.00421940928270042,0.29957805907173,0.00421940928270042,0.00421940928270042,0.00421940928270042,0.0886075949367089,0.0464135021097046,0.215189873417722,0.00421940928270042,0.00421940928270042,0.00421940928270042,0.00421940928270042,0.00421940928270042,0.00421940928270042,0.00421940928270042,0.00421940928270042
0.00107874865156419,0.00107874865156419,0.00107874865156419,0.00107874865156419,0.00107874865156419,0.00107874865156419,0.00107874865156419,0.00107874865156419,0.432578209277238,0.00107874865156419,0.00107874865156419,0.00107874865156419,0.00107874865156419,0.00107874865156419,0.00107874865156419,0.238403451995685,0.00107874865156419,0.00107874865156419,0.292340884573894,0.00107874865156419,0.011866235167206,0.00107874865156419,0.00107874865156419,0.00107874865156419,0.00107874865156419,0.00107874865156419,0.00107874865156419
0.0114942528735632,0.0114942528735632,0.0114942528735632,0.701149425287356,0.0114942528735632,0.0114942528735632,0.0114942528735632,0.0114942528735632,0.0114942528735632,0.0114942528735632,0.0114942528735632,0.0114942528735632,0.0114942528735632,0.0114942528735632,0.0114942528735632,0.0114942528735632,0.0114942528735632,0.0114942528735632,0.0114942528735632,0.0114942528735632,0.0114942528735632,0.0114942528735632,0.0114942528735632,0.0114942528735632,0.0114942528735632,0.0114942528735632,0.0114942528735632
0.0175438596491228,0.0175438596491228,0.0175438596491228,0.368421052631579,0.0175438596491228,0.0175438596491228,0.0175438596491228,0.0175438596491228,0.0175438596491228,0.0175438596491228,0.192982456140351,0.0175438596491228,0.0175438596491228,0.0175438596491228,0.0175438596491228,0.0175438596491228,0.0175438596491228,0.0175438596491228,0.0175438596491228,0.0175438596491228,0.0175438596491228,0.0175438596491228,0.0175438596491228,0.0175438596491228,0.0175438596491228,0.0175438596491228,0.0175438596491228
0.00154559505409583,0.00154559505409583,0.00154559505409583,0.00154559505409583,0.00154559505409583,0.00154559505409583,0.00154559505409583,0.00154559505409583,0.217928902627512,0.00154559505409583,0.00154559505409583,0.00154559505409583,0.00154559505409583,0.00154559505409583,0.00154559505409583,0.00154559505409583,0.0170015455950541,0.202472952086553,0.0170015455950541,0.264296754250386,0.00154559505409583,0.217928902627512,0.00154559505409583,0.00154559505409583,0.00154559505409583,0.00154559505409583,0.0324574961360124
0.0114942528735632,0.0114942528735632,0.0114942528735632,0.0114942528735632,0.0114942528735632,0.0114942528735632,0.126436781609195,0.0114942528735632,0.471264367816092,0.0114942528735632,0.0114942528735632,0.126436781609195,0.0114942528735632,0.0114942528735632,0.0114942528735632,0.0114942528735632,0.0114942528735632,0.0114942528735632,0.0114942528735632,0.0114942528735632,0.0114942528735632,0.0114942528735632,0.0114942528735632,0.0114942528735632,0.0114942528735632,0.0114942528735632,0.0114942528735632
0.00325732899022801,0.0358306188925081,0.00325732899022801,0.00325732899022801,0.00325732899022801,0.00325732899022801,0.00325732899022801,0.00325732899022801,0.361563517915309,0.00325732899022801,0.00325732899022801,0.00325732899022801,0.00325732899022801,0.00325732899022801,0.00325732899022801,0.00325732899022801,0.00325732899022801,0.00325732899022801,0.00325732899022801,0.45928338762215,0.00325732899022801,0.00325732899022801,0.00325732899022801,0.00325732899022801,0.0684039087947883,0.00325732899022801,0.00325732899022801
0.00107874865156419,0.00107874865156419,0.00107874865156419,0.00107874865156419,0.00107874865156419,0.0334412081984898,0.249190938511327,0.00107874865156419,0.130528586839266,0.00107874865156419,0.00107874865156419,0.00107874865156419,0.00107874865156419,0.00107874865156419,0.0226537216828479,0.238403451995685,0.00107874865156419,0.00107874865156419,0.0765911542610572,0.227615965480043,0.00107874865156419,0.00107874865156419,0.00107874865156419,0.00107874865156419,0.00107874865156419,0.00107874865156419,0.00107874865156419
0.00598802395209581,0.00598802395209581,0.00598802395209581,0.00598802395209581,0.00598802395209581,0.00598802395209581,0.00598802395209581,0.00598802395209581,0.784431137724551,0.00598802395209581,0.00598802395209581,0.00598802395209581,0.00598802395209581,0.00598802395209581,0.00598802395209581,0.00598802395209581,0.00598802395209581,0.00598802395209581,0.00598802395209581,0.00598802395209581,0.0658682634730539,0.00598802395209581,0.00598802395209581,0.00598802395209581,0.00598802395209581,0.00598802395209581,0.00598802395209581
0.0114942528735632,0.241379310344828,0.471264367816092,0.0114942528735632,0.0114942528735632,0.0114942528735632,0.0114942528735632,0.0114942528735632,0.0114942528735632,0.0114942528735632,0.0114942528735632,0.0114942528735632,0.0114942528735632,0.0114942528735632,0.0114942528735632,0.0114942528735632,0.0114942528735632,0.0114942528735632,0.0114942528735632,0.0114942528735632,0.0114942528735632,0.0114942528735632,0.0114942528735632,0.0114942528735632,0.0114942528735632,0.0114942528735632,0.0114942528735632
0.00201207243460765,0.00201207243460765,0.00201207243460765,0.00201207243460765,0.00201207243460765,0.00201207243460765,0.0422535211267606,0.00201207243460765,0.142857142857143,0.00201207243460765,0.00201207243460765,0.0221327967806841,0.00201207243460765,0.00201207243460765,0.00201207243460765,0.38430583501006,0.00201207243460765,0.00201207243460765,0.142857142857143,0.183098591549296,0.00201207243460765,0.00201207243460765,0.0422535211267606,0.00201207243460765,0.00201207243460765,0.00201207243460765,0.00201207243460765
0.00421940928270042,0.00421940928270042,0.00421940928270042,0.00421940928270042,0.00421940928270042,0.00421940928270042,0.215189873417722,0.00421940928270042,0.00421940928270042,0.00421940928270042,0.00421940928270042,0.00421940928270042,0.00421940928270042,0.00421940928270042,0.00421940928270042,0.637130801687764,0.00421940928270042,0.00421940928270042,0.00421940928270042,0.0464135021097046,0.00421940928270042,0.00421940928270042,0.00421940928270042,0.00421940928270042,0.00421940928270042,0.00421940928270042,0.00421940928270042
0.00186219739292365,0.00186219739292365,0.00186219739292365,0.00186219739292365,0.00186219739292365,0.169459962756052,0.00186219739292365,0.00186219739292365,0.262569832402235,0.00186219739292365,0.00186219739292365,0.0204841713221601,0.00186219739292365,0.0949720670391061,0.00186219739292365,0.150837988826816,0.00186219739292365,0.00186219739292365,0.00186219739292365,0.0763500931098696,0.00186219739292365,0.169459962756052,0.0204841713221601,0.00186219739292365,0.00186219739292365,0.00186219739292365,0.00186219739292365
0.0114942528735632,0.0114942528735632,0.0114942528735632,0.0114942528735632,0.0114942528735632,0.0114942528735632,0.0114942528735632,0.0114942528735632,0.0114942528735632,0.0114942528735632,0.0114942528735632,0.0114942528735632,0.0114942528735632,0.0114942528735632,0.0114942528735632,0.0114942528735632,0.0114942528735632,0.0114942528735632,0.0114942528735632,0.0114942528735632,0.471264367816092,0.0114942528735632,0.0114942528735632,0.0114942528735632,0.0114942528735632,0.241379310344828,0.0114942528735632
0.14975845410628,0.00483091787439614,0.00483091787439614,0.00483091787439614,0.00483091787439614,0.00483091787439614,0.00483091787439614,0.294685990338164,0.00483091787439614,0.00483091787439614,0.00483091787439614,0.00483091787439614,0.00483091787439614,0.0531400966183575,0.00483091787439614,0.00483091787439614,0.00483091787439614,0.294685990338164,0.00483091787439614,0.00483091787439614,0.00483091787439614,0.00483091787439614,0.00483091787439614,0.00483091787439614,0.00483091787439614,0.101449275362319,0.00483091787439614
0.00564971751412429,0.00564971751412429,0.00564971751412429,0.00564971751412429,0.00564971751412429,0.00564971751412429,0.740112994350283,0.00564971751412429,0.00564971751412429,0.00564971751412429,0.00564971751412429,0.0621468926553672,0.00564971751412429,0.00564971751412429,0.00564971751412429,0.00564971751412429,0.00564971751412429,0.00564971751412429,0.00564971751412429,0.00564971751412429,0.00564971751412429,0.0621468926553672,0.00564971751412429,0.00564971751412429,0.00564971751412429,0.00564971751412429,0.00564971751412429
0.000715819613457409,0.000715819613457409,0.000715819613457409,0.0150322118826056,0.000715819613457409,0.0150322118826056,0.0078740157480315,0.000715819613457409,0.000715819613457409,0.000715819613457409,0.000715819613457409,0.000715819613457409,0.315676449534717,0.000715819613457409,0.000715819613457409,0.0150322118826056,0.0078740157480315,0.000715819613457409,0.000715819613457409,0.0150322118826056,0.358625626342162,0.208303507516106,0.000715819613457409,0.0293486041517538,0.000715819613457409,0.000715819613457409,0.000715819613457409
0.00636942675159236,0.452229299363057,0.00636942675159236,0.00636942675159236,0.00636942675159236,0.00636942675159236,0.0700636942675159,0.0700636942675159,0.00636942675159236,0.00636942675159236,0.00636942675159236,0.00636942675159236,0.197452229299363,0.00636942675159236,0.00636942675159236,0.00636942675159236,0.00636942675159236,0.00636942675159236,0.00636942675159236,0.0700636942675159,0.00636942675159236,0.00636942675159236,0.00636942675159236,0.00636942675159236,0.00636942675159236,0.00636942675159236,0.00636942675159236
0.00325732899022801,0.00325732899022801,0.00325732899022801,0.00325732899022801,0.00325732899022801,0.00325732899022801,0.00325732899022801,0.00325732899022801,0.00325732899022801,0.00325732899022801,0.133550488599349,0.0358306188925081,0.00325732899022801,0.00325732899022801,0.100977198697068,0.00325732899022801,0.00325732899022801,0.00325732899022801,0.622149837133551,0.0358306188925081,0.00325732899022801,0.00325732899022801,0.00325732899022801,0.00325732899022801,0.00325732899022801,0.00325732899022801,0.00325732899022801
0.00193423597678917,0.311411992263056,0.00193423597678917,0.00193423597678917,0.00193423597678917,0.00193423597678917,0.00193423597678917,0.00193423597678917,0.00193423597678917,0.00193423597678917,0.0212765957446809,0.00193423597678917,0.00193423597678917,0.00193423597678917,0.00193423597678917,0.427466150870406,0.0599613152804642,0.00193423597678917,0.00193423597678917,0.00193423597678917,0.117988394584139,0.0212765957446809,0.00193423597678917,0.00193423597678917,0.00193423597678917,0.00193423597678917,0.00193423597678917
0.000946073793755913,0.000946073793755913,0.000946073793755913,0.000946073793755913,0.000946073793755913,0.000946073793755913,0.0387890255439924,0.000946073793755913,0.000946073793755913,0.000946073793755913,0.000946073793755913,0.000946073793755913,0.0387890255439924,0.000946073793755913,0.000946073793755913,0.256385998107852,0.000946073793755913,0.000946073793755913,0.199621570482498,0.436140018921476,0.000946073793755913,0.010406811731315,0.000946073793755913,0.000946073793755913,0.000946073793755913,0.000946073793755913,0.000946073793755913
0.00173310225303293,0.00173310225303293,0.00173310225303293,0.00173310225303293,0.00173310225303293,0.00173310225303293,0.00173310225303293,0.00173310225303293,0.383015597920277,0.00173310225303293,0.00173310225303293,0.0537261698440208,0.00173310225303293,0.00173310225303293,0.00173310225303293,0.244367417677643,0.00173310225303293,0.0190641247833622,0.261698440207972,0.00173310225303293,0.00173310225303293,0.00173310225303293,0.00173310225303293,0.00173310225303293,0.00173310225303293,0.00173310225303293,0.00173310225303293
0.00374531835205993,0.00374531835205993,0.116104868913858,0.00374531835205993,0.00374531835205993,0.00374531835205993,0.00374531835205993,0.00374531835205993,0.00374531835205993,0.00374531835205993,0.00374531835205993,0.00374531835205993,0.00374531835205993,0.00374531835205993,0.0411985018726592,0.00374531835205993,0.00374531835205993,0.00374531835205993,0.00374531835205993,0.602996254681648,0.00374531835205993,0.00374531835205993,0.00374531835205993,0.0786516853932584,0.00374531835205993,0.0786516853932584,0.00374531835205993
0.0022883295194508,0.0480549199084668,0.0022883295194508,0.0022883295194508,0.0022883295194508,0.0022883295194508,0.0022883295194508,0.0022883295194508,0.0022883295194508,0.0022883295194508,0.0022883295194508,0.0022883295194508,0.299771167048055,0.0022883295194508,0.0022883295194508,0.185354691075515,0.0022883295194508,0.0022883295194508,0.0480549199084668,0.0022883295194508,0.0938215102974828,0.276887871853547,0.0022883295194508,0.0022883295194508,0.0022883295194508,0.0022883295194508,0.0022883295194508
0.00288184438040346,0.00288184438040346,0.031700288184438,0.00288184438040346,0.00288184438040346,0.00288184438040346,0.00288184438040346,0.00288184438040346,0.377521613832853,0.031700288184438,0.00288184438040346,0.031700288184438,0.00288184438040346,0.00288184438040346,0.00288184438040346,0.463976945244957,0.00288184438040346,0.00288184438040346,0.00288184438040346,0.00288184438040346,0.00288184438040346,0.00288184438040346,0.00288184438040346,0.00288184438040346,0.00288184438040346,0.00288184438040346,0.00288184438040346
0.00205338809034908,0.00205338809034908,0.00205338809034908,0.00205338809034908,0.00205338809034908,0.00205338809034908,0.00205338809034908,0.00205338809034908,0.0225872689938398,0.0225872689938398,0.00205338809034908,0.00205338809034908,0.00205338809034908,0.00205338809034908,0.00205338809034908,0.761806981519507,0.00205338809034908,0.00205338809034908,0.00205338809034908,0.00205338809034908,0.00205338809034908,0.104722792607803,0.00205338809034908,0.00205338809034908,0.0431211498973306,0.00205338809034908,0.00205338809034908
0.0016750418760469,0.0016750418760469,0.0016750418760469,0.0016750418760469,0.0519262981574539,0.0016750418760469,0.370184254606365,0.0016750418760469,0.0016750418760469,0.0016750418760469,0.0016750418760469,0.0016750418760469,0.0016750418760469,0.0016750418760469,0.0016750418760469,0.353433835845896,0.0351758793969849,0.0016750418760469,0.152428810720268,0.0016750418760469,0.0016750418760469,0.0016750418760469,0.0016750418760469,0.0016750418760469,0.0016750418760469,0.0016750418760469,0.0016750418760469
0.00186219739292365,0.00186219739292365,0.00186219739292365,0.00186219739292365,0.00186219739292365,0.00186219739292365,0.00186219739292365,0.00186219739292365,0.00186219739292365,0.318435754189944,0.113594040968343,0.00186219739292365,0.00186219739292365,0.0391061452513966,0.00186219739292365,0.00186219739292365,0.188081936685289,0.00186219739292365,0.206703910614525,0.00186219739292365,0.00186219739292365,0.00186219739292365,0.00186219739292365,0.00186219739292365,0.0949720670391061,0.00186219739292365,0.00186219739292365
0.00680272108843537,0.00680272108843537,0.00680272108843537,0.414965986394558,0.00680272108843537,0.00680272108843537,0.00680272108843537,0.00680272108843537,0.00680272108843537,0.00680272108843537,0.00680272108843537,0.00680272108843537,0.00680272108843537,0.142857142857143,0.00680272108843537,0.00680272108843537,0.00680272108843537,0.27891156462585,0.00680272108843537,0.00680272108843537,0.00680272108843537,0.00680272108843537,0.00680272108843537,0.00680272108843537,0.00680272108843537,0.00680272108843537,0.00680272108843537
0.00336700336700337,0.037037037037037,0.00336700336700337,0.037037037037037,0.00336700336700337,0.00336700336700337,0.00336700336700337,0.00336700336700337,0.00336700336700337,0.00336700336700337,0.00336700336700337,0.00336700336700337,0.138047138047138,0.00336700336700337,0.00336700336700337,0.710437710437711,0.00336700336700337,0.00336700336700337,0.00336700336700337,0.00336700336700337,0.00336700336700337,0.00336700336700337,0.00336700336700337,0.00336700336700337,0.00336700336700337,0.00336700336700337,0.00336700336700337
0.0050761421319797,0.208121827411167,0.0050761421319797,0.360406091370558,0.0050761421319797,0.0050761421319797,0.0050761421319797,0.0050761421319797,0.0050761421319797,0.0558375634517767,0.0050761421319797,0.0050761421319797,0.0050761421319797,0.0050761421319797,0.0050761421319797,0.258883248730964,0.0050761421319797,0.0050761421319797,0.0050761421319797,0.0050761421319797,0.0050761421319797,0.0050761421319797,0.0050761421319797,0.0050761421319797,0.0050761421319797,0.0050761421319797,0.0050761421319797
0.00440528634361234,0.00440528634361234,0.00440528634361234,0.180616740088106,0.00440528634361234,0.00440528634361234,0.180616740088106,0.00440528634361234,0.0484581497797357,0.0484581497797357,0.00440528634361234,0.00440528634361234,0.00440528634361234,0.00440528634361234,0.00440528634361234,0.00440528634361234,0.00440528634361234,0.00440528634361234,0.444933920704846,0.00440528634361234,0.00440528634361234,0.00440528634361234,0.00440528634361234,0.00440528634361234,0.00440528634361234,0.00440528634361234,0.00440528634361234
0.00460829493087558,0.00460829493087558,0.00460829493087558,0.00460829493087558,0.00460829493087558,0.00460829493087558,0.142857142857143,0.00460829493087558,0.0506912442396313,0.00460829493087558,0.188940092165899,0.00460829493087558,0.00460829493087558,0.00460829493087558,0.00460829493087558,0.419354838709677,0.00460829493087558,0.00460829493087558,0.0967741935483871,0.00460829493087558,0.00460829493087558,0.00460829493087558,0.00460829493087558,0.00460829493087558,0.00460829493087558,0.00460829493087558,0.00460829493087558
0.00280112044817927,0.00280112044817927,0.00280112044817927,0.338935574229692,0.00280112044817927,0.00280112044817927,0.11484593837535,0.00280112044817927,0.0588235294117647,0.00280112044817927,0.00280112044817927,0.00280112044817927,0.00280112044817927,0.00280112044817927,0.00280112044817927,0.170868347338936,0.00280112044817927,0.00280112044817927,0.00280112044817927,0.030812324929972,0.00280112044817927,0.226890756302521,0.00280112044817927,0.00280112044817927,0.00280112044817927,0.00280112044817927,0.00280112044817927
0.00145560407569141,0.00145560407569141,0.00145560407569141,0.0160116448326055,0.00145560407569141,0.00145560407569141,0.00145560407569141,0.0887918486171761,0.00145560407569141,0.234352256186317,0.00145560407569141,0.248908296943231,0.00145560407569141,0.00145560407569141,0.00145560407569141,0.00145560407569141,0.00145560407569141,0.00145560407569141,0.00145560407569141,0.0160116448326055,0.0305676855895196,0.00145560407569141,0.190684133915575,0.132459970887918,0.00145560407569141,0.00145560407569141,0.0160116448326055
0.012987012987013,0.012987012987013,0.012987012987013,0.012987012987013,0.012987012987013,0.012987012987013,0.012987012987013,0.012987012987013,0.012987012987013,0.012987012987013,0.272727272727273,0.012987012987013,0.012987012987013,0.012987012987013,0.012987012987013,0.012987012987013,0.012987012987013,0.012987012987013,0.012987012987013,0.012987012987013,0.402597402597403,0.012987012987013,0.012987012987013,0.012987012987013,0.012987012987013,0.012987012987013,0.012987012987013
0.00130378096479791,0.00130378096479791,0.00130378096479791,0.0143415906127771,0.00130378096479791,0.0143415906127771,0.0664928292046936,0.00130378096479791,0.00130378096479791,0.00130378096479791,0.00130378096479791,0.00130378096479791,0.00130378096479791,0.105606258148631,0.00130378096479791,0.41851368970013,0.00130378096479791,0.00130378096479791,0.00130378096479791,0.157757496740548,0.00130378096479791,0.11864406779661,0.00130378096479791,0.00130378096479791,0.0534550195567145,0.0273794002607562,0.00130378096479791
0.00315457413249211,0.00315457413249211,0.00315457413249211,0.192429022082019,0.00315457413249211,0.00315457413249211,0.00315457413249211,0.00315457413249211,0.22397476340694,0.287066246056782,0.00315457413249211,0.00315457413249211,0.00315457413249211,0.0977917981072555,0.00315457413249211,0.00315457413249211,0.00315457413249211,0.00315457413249211,0.00315457413249211,0.00315457413249211,0.0977917981072555,0.0347003154574133,0.00315457413249211,0.00315457413249211,0.00315457413249211,0.00315457413249211,0.00315457413249211
0.00145560407569141,0.00145560407569141,0.00145560407569141,0.00145560407569141,0.00145560407569141,0.00145560407569141,0.00145560407569141,0.00145560407569141,0.176128093158661,0.00145560407569141,0.00145560407569141,0.0596797671033479,0.0160116448326055,0.00145560407569141,0.0160116448326055,0.263464337700146,0.00145560407569141,0.00145560407569141,0.00145560407569141,0.248908296943231,0.176128093158661,0.00145560407569141,0.00145560407569141,0.00145560407569141,0.00145560407569141,0.0160116448326055,0.00145560407569141
0.0103092783505155,0.0103092783505155,0.0103092783505155,0.0103092783505155,0.0103092783505155,0.0103092783505155,0.0103092783505155,0.0103092783505155,0.0103092783505155,0.0103092783505155,0.0103092783505155,0.0103092783505155,0.0103092783505155,0.0103092783505155,0.0103092783505155,0.0103092783505155,0.0103092783505155,0.0103092783505155,0.0103092783505155,0.628865979381443,0.0103092783505155,0.0103092783505155,0.0103092783505155,0.11340206185567,0.0103092783505155,0.0103092783505155,0.0103092783505155
0.0347003154574133,0.00315457413249211,0.0347003154574133,0.00315457413249211,0.00315457413249211,0.00315457413249211,0.0347003154574133,0.00315457413249211,0.444794952681388,0.0662460567823344,0.00315457413249211,0.00315457413249211,0.00315457413249211,0.0347003154574133,0.0662460567823344,0.129337539432177,0.00315457413249211,0.00315457413249211,0.00315457413249211,0.0662460567823344,0.00315457413249211,0.0347003154574133,0.00315457413249211,0.00315457413249211,0.00315457413249211,0.00315457413249211,0.00315457413249211
0.00272479564032698,0.00272479564032698,0.00272479564032698,0.00272479564032698,0.00272479564032698,0.00272479564032698,0.00272479564032698,0.0299727520435967,0.0572207084468665,0.00272479564032698,0.00272479564032698,0.00272479564032698,0.00272479564032698,0.00272479564032698,0.00272479564032698,0.00272479564032698,0.00272479564032698,0.0299727520435967,0.76566757493188,0.00272479564032698,0.00272479564032698,0.00272479564032698,0.00272479564032698,0.00272479564032698,0.00272479564032698,0.0572207084468665,0.00272479564032698
0.0103092783505155,0.0103092783505155,0.0103092783505155,0.11340206185567,0.319587628865979,0.0103092783505155,0.0103092783505155,0.0103092783505155,0.0103092783505155,0.319587628865979,0.0103092783505155,0.0103092783505155,0.0103092783505155,0.0103092783505155,0.0103092783505155,0.0103092783505155,0.0103092783505155,0.0103092783505155,0.0103092783505155,0.0103092783505155,0.0103092783505155,0.0103092783505155,0.0103092783505155,0.0103092783505155,0.0103092783505155,0.0103092783505155,0.0103092783505155
0.00109051254089422,0.00109051254089422,0.00109051254089422,0.00109051254089422,0.317339149400218,0.00109051254089422,0.00109051254089422,0.00109051254089422,0.00109051254089422,0.00109051254089422,0.00109051254089422,0.00109051254089422,0.00109051254089422,0.00109051254089422,0.0338058887677208,0.153762268266085,0.00109051254089422,0.00109051254089422,0.00109051254089422,0.110141766630316,0.208287895310796,0.044711014176663,0.00109051254089422,0.110141766630316,0.00109051254089422,0.00109051254089422,0.00109051254089422
0.00147710487444609,0.00147710487444609,0.00147710487444609,0.00147710487444609,0.0162481536189069,0.00147710487444609,0.0753323485967504,0.00147710487444609,0.149187592319055,0.00147710487444609,0.00147710487444609,0.00147710487444609,0.0310192023633678,0.00147710487444609,0.00147710487444609,0.00147710487444609,0.00147710487444609,0.00147710487444609,0.208271787296898,0.00147710487444609,0.178729689807976,0.311669128508124,0.00147710487444609,0.00147710487444609,0.00147710487444609,0.00147710487444609,0.00147710487444609
0.0178282009724473,0.00162074554294976,0.00162074554294976,0.0502431118314425,0.13128038897893,0.00162074554294976,0.00162074554294976,0.00162074554294976,0.00162074554294976,0.00162074554294976,0.00162074554294976,0.00162074554294976,0.00162074554294976,0.147487844408428,0.00162074554294976,0.423014586709887,0.00162074554294976,0.00162074554294976,0.00162074554294976,0.163695299837925,0.00162074554294976,0.0178282009724473,0.0178282009724473,0.00162074554294976,0.00162074554294976,0.00162074554294976,0.00162074554294976
0.0710571923743501,0.00173310225303293,0.00173310225303293,0.00173310225303293,0.157712305025997,0.00173310225303293,0.00173310225303293,0.00173310225303293,0.00173310225303293,0.00173310225303293,0.00173310225303293,0.00173310225303293,0.00173310225303293,0.0537261698440208,0.00173310225303293,0.00173310225303293,0.0883882149046794,0.00173310225303293,0.00173310225303293,0.00173310225303293,0.0883882149046794,0.0363951473136915,0.00173310225303293,0.00173310225303293,0.00173310225303293,0.417677642980936,0.0537261698440208
0.00280112044817927,0.00280112044817927,0.030812324929972,0.00280112044817927,0.198879551820728,0.030812324929972,0.226890756302521,0.00280112044817927,0.030812324929972,0.00280112044817927,0.00280112044817927,0.00280112044817927,0.00280112044817927,0.00280112044817927,0.00280112044817927,0.00280112044817927,0.00280112044817927,0.00280112044817927,0.030812324929972,0.170868347338936,0.00280112044817927,0.00280112044817927,0.00280112044817927,0.00280112044817927,0.00280112044817927,0.226890756302521,0.00280112044817927
0.00315457413249211,0.00315457413249211,0.00315457413249211,0.0662460567823344,0.00315457413249211,0.00315457413249211,0.00315457413249211,0.00315457413249211,0.00315457413249211,0.00315457413249211,0.0977917981072555,0.00315457413249211,0.00315457413249211,0.00315457413249211,0.00315457413249211,0.00315457413249211,0.00315457413249211,0.00315457413249211,0.00315457413249211,0.00315457413249211,0.50788643533123,0.255520504731861,0.00315457413249211,0.00315457413249211,0.00315457413249211,0.00315457413249211,0.00315457413249211
0.00245700245700246,0.00245700245700246,0.00245700245700246,0.00245700245700246,0.00245700245700246,0.125307125307125,0.174447174447174,0.00245700245700246,0.0761670761670762,0.14987714987715,0.14987714987715,0.00245700245700246,0.00245700245700246,0.00245700245700246,0.00245700245700246,0.00245700245700246,0.00245700245700246,0.00245700245700246,0.223587223587224,0.027027027027027,0.00245700245700246,0.00245700245700246,0.027027027027027,0.00245700245700246,0.00245700245700246,0.00245700245700246,0.00245700245700246
0.0053475935828877,0.0053475935828877,0.0053475935828877,0.486631016042781,0.0053475935828877,0.0053475935828877,0.0053475935828877,0.0053475935828877,0.0053475935828877,0.0053475935828877,0.0053475935828877,0.0053475935828877,0.0053475935828877,0.0053475935828877,0.0053475935828877,0.0053475935828877,0.0053475935828877,0.0053475935828877,0.112299465240642,0.0053475935828877,0.0053475935828877,0.0053475935828877,0.165775401069519,0.0053475935828877,0.0053475935828877,0.112299465240642,0.0053475935828877
0.00258397932816537,0.00258397932816537,0.00258397932816537,0.0801033591731266,0.545219638242894,0.00258397932816537,0.00258397932816537,0.00258397932816537,0.00258397932816537,0.00258397932816537,0.0284237726098191,0.00258397932816537,0.00258397932816537,0.00258397932816537,0.00258397932816537,0.00258397932816537,0.0284237726098191,0.0284237726098191,0.00258397932816537,0.131782945736434,0.00258397932816537,0.0801033591731266,0.00258397932816537,0.0284237726098191,0.00258397932816537,0.00258397932816537,0.00258397932816537
0.00680272108843537,0.142857142857143,0.00680272108843537,0.414965986394558,0.00680272108843537,0.00680272108843537,0.142857142857143,0.00680272108843537,0.0748299319727891,0.00680272108843537,0.00680272108843537,0.00680272108843537,0.00680272108843537,0.00680272108843537,0.00680272108843537,0.00680272108843537,0.00680272108843537,0.00680272108843537,0.00680272108843537,0.00680272108843537,0.00680272108843537,0.00680272108843537,0.00680272108843537,0.00680272108843537,0.00680272108843537,0.0748299319727891,0.00680272108843537
0.142857142857143,0.00234192037470726,0.00234192037470726,0.0257611241217799,0.00234192037470726,0.00234192037470726,0.00234192037470726,0.0960187353629976,0.00234192037470726,0.00234192037470726,0.00234192037470726,0.00234192037470726,0.0257611241217799,0.00234192037470726,0.0960187353629976,0.00234192037470726,0.0257611241217799,0.00234192037470726,0.00234192037470726,0.259953161592506,0.00234192037470726,0.00234192037470726,0.00234192037470726,0.189695550351288,0.0491803278688525,0.0491803278688525,0.00234192037470726
0.0114942528735632,0.0114942528735632,0.35632183908046,0.0114942528735632,0.0114942528735632,0.0114942528735632,0.0114942528735632,0.0114942528735632,0.0114942528735632,0.0114942528735632,0.0114942528735632,0.126436781609195,0.0114942528735632,0.0114942528735632,0.0114942528735632,0.0114942528735632,0.0114942528735632,0.0114942528735632,0.0114942528735632,0.126436781609195,0.0114942528735632,0.0114942528735632,0.0114942528735632,0.0114942528735632,0.0114942528735632,0.126436781609195,0.0114942528735632
0.0072992700729927,0.0072992700729927,0.0072992700729927,0.0072992700729927,0.0072992700729927,0.0072992700729927,0.0072992700729927,0.0802919708029197,0.0072992700729927,0.0072992700729927,0.299270072992701,0.0072992700729927,0.0072992700729927,0.0072992700729927,0.0072992700729927,0.0072992700729927,0.0072992700729927,0.0072992700729927,0.153284671532847,0.0072992700729927,0.0072992700729927,0.0072992700729927,0.299270072992701,0.0072992700729927,0.0072992700729927,0.0072992700729927,0.0072992700729927
0.00162074554294976,0.00162074554294976,0.00162074554294976,0.00162074554294976,0.00162074554294976,0.00162074554294976,0.0826580226904376,0.00162074554294976,0.00162074554294976,0.277147487844408,0.00162074554294976,0.00162074554294976,0.163695299837925,0.0340356564019449,0.00162074554294976,0.00162074554294976,0.0340356564019449,0.00162074554294976,0.00162074554294976,0.00162074554294976,0.00162074554294976,0.0826580226904376,0.00162074554294976,0.212317666126418,0.0826580226904376,0.00162074554294976,0.00162074554294976
0.2663139329806,0.0017636684303351,0.0017636684303351,0.0017636684303351,0.231040564373898,0.0017636684303351,0.0017636684303351,0.0017636684303351,0.0017636684303351,0.107583774250441,0.0017636684303351,0.0017636684303351,0.0017636684303351,0.0017636684303351,0.0017636684303351,0.0017636684303351,0.0017636684303351,0.0017636684303351,0.0017636684303351,0.0017636684303351,0.195767195767196,0.160493827160494,0.0017636684303351,0.0017636684303351,0.0017636684303351,0.0017636684303351,0.0017636684303351
0.00239808153477218,0.00239808153477218,0.00239808153477218,0.00239808153477218,0.0743405275779376,0.00239808153477218,0.00239808153477218,0.00239808153477218,0.0503597122302158,0.00239808153477218,0.00239808153477218,0.00239808153477218,0.00239808153477218,0.386091127098321,0.00239808153477218,0.00239808153477218,0.00239808153477218,0.026378896882494,0.0743405275779376,0.026378896882494,0.00239808153477218,0.00239808153477218,0.314148681055156,0.00239808153477218,0.00239808153477218,0.00239808153477218,0.00239808153477218
0.0178282009724473,0.0178282009724473,0.00162074554294976,0.0826580226904376,0.00162074554294976,0.00162074554294976,0.00162074554294976,0.00162074554294976,0.00162074554294976,0.374392220421394,0.00162074554294976,0.00162074554294976,0.0340356564019449,0.00162074554294976,0.00162074554294976,0.00162074554294976,0.0988654781199352,0.00162074554294976,0.00162074554294976,0.00162074554294976,0.341977309562399,0.00162074554294976,0.00162074554294976,0.00162074554294976,0.00162074554294976,0.00162074554294976,0.00162074554294976
